Bangkok:13.736717,100.523186
London:51.509865,-0.118092
Paris:48.864716,2.349014
Singapore:1.290270,103.851959
New York:40.730610,-73.935242
İstanbul:41.015137,28.979530
Dubai:25.276987,55.296249
Kuala Lumpur:3.152815,101.703651
Hong Kong:22.28552,114.15769
Barcelona:41.390205,2.154007
Kolkata:22.572645,88.363892
Karachi:24.946218,67.005615
Beirut:33.888630,35.495480
Ankara:39.925533,32.866287